$ANSIBLE_VAULT;1.1;AES256
33333839633562633632356664353439303135616435356161656464333761353733306632633937
3663373363613535343864306634656430316436383139610a313933373437626339623734393036
62363931336234356266326531626336653039363030656361663163626461326439366239613338
3738623964643965660a336330333435336666643566336661353761663461613435333332626531
66383336326563323063303765613437363936343461306336393764316530643465393130363838
30326230633766613336636364326130623734353935373838306261633535303837363366653730
65373234376533393538306564373230633863663333363030633434636233333033383965393330
31343335333765316635636662323633363439656163393064623831613563316234306133653261
65633539376566333336626633636336373861316563663666646561666662333835393261383530
34393665316566646136363761313565313637333734346135656638623232393534653362303732
34623161343630313264666131313730626461343864623466623234333230616435393138373833
32303536363966666338623034366661353933336264373830636438333363313335663335373166
31373930626538316234613434373833323938393061326530393635363932303037653430336363
64396565333465333331633134346664396134353930613066323461363762303562393539353639
31323638363538663136393131326238313936373965623664396534643832653634663466346166
31363461333936656331383766653731316430313961306539396639383562616461303030323634
31303165633332346537643439333137646331393731636135653633353864353631663532636564
34626234613633326133313730633664373765343266393236653336386661353030353033623437
63313134336665353935633333356664333165633364303762363965653035653062393762366661
35383336633864636633376163636439643432626539343734643234666131356330313731623665
32316431613134643964626237353662363765346238383636323934303563646336353439613162
31356332333131633634623963376131353765383264313362386461326538326334323834626430
65616435396138333037343531613431393564623066363862303733633733323330613866643966
30323663326361383133386534323633383266366332303666636634356662656335303230643265
32376637643238306636643166643265396331356336613463323563643038666535663538663332
37316333336330353634633366336330623735636665346139303931353037313230366234393661
38393861396134386430306331336536376664353566626530646138396664613731303537656438
31383132646261623366
